51.5 -0.14 0.0691642239999998 14.25 31.0769430897284 0 1 26.48052 0.489146396183835
41.9 12.49 0.0567010449919997 14.25 40.2320237411655 0 1 33.936232 0.621592449233796
33.94 18.43 0 14.25 46.3596926118634 0 1 27.1358683184753 0.421017024830027
51.5 -0.14 0.0691642239999998 14.25 31.0769430897284 0 0.1 26.48052 2.16093996486047
41.9 12.49 0.0567010449919997 14.25 40.2320237411655 0 0.1 33.936232 2.69015654261576
33.94 18.43 0 14.25 46.3596926118634 0 0.1 27.1358683184753 1.91338757182311
51.5 -0.14 0.0691642239999998 14.25 31.0769430897284 0 0.01 26.48052 6.72784424564058
41.9 12.49 0.0567010449919997 14.25 40.2320237411655 0 0.01 33.936232 8.20500328100856
33.94 18.43 0 14.25 46.3596926118634 0 0.01 27.1358683184753 5.94180609591776
51.5 -0.14 0.0691642239999998 14.25 31.0769430897284 0 0.001 26.48052 14.7617735802147
41.9 12.49 0.0567010449919997 14.25 40.2320237411655 0 0.001 33.936232 17.6363760009451
33.94 18.43 0 14.25 46.3596926118634 0 0.001 27.1358683184753 12.9815168668478
51.5 -0.14 0.0691642239999998 29 31.0769430897284 0 1 26.48052 2.17898357133428
41.9 12.49 0.0567010449919997 29 40.2320237411655 0 1 33.936232 2.81537632131411
33.94 18.43 0 29 46.3596926118634 0 1 27.1358683184753 1.96063611286857
51.5 -0.14 0.0691642239999998 29 31.0769430897284 0 0.1 26.48052 8.46779316027168
41.9 12.49 0.0567010449919997 29 40.2320237411655 0 0.1 33.936232 10.7028984202389
33.94 18.43 0 29 46.3596926118634 0 0.1 27.1358683184753 7.80832250783921
51.5 -0.14 0.0691642239999998 29 31.0769430897284 0 0.01 26.48052 23.1908095982302
41.9 12.49 0.0567010449919997 29 40.2320237411655 0 0.01 33.936232 28.6744923164284
33.94 18.43 0 29 46.3596926118634 0 0.01 27.1358683184753 21.2486196783126
51.5 -0.14 0.0691642239999998 29 31.0769430897284 0 0.001 26.48052 44.7600912521292
41.9 12.49 0.0567010449919997 29 40.2320237411655 0 0.001 33.936232 54.1401500528195
33.94 18.43 0 29 46.3596926118634 0 0.001 27.1358683184753 40.6813301537225
22.9 -43.23 0 14.25 22.2783346840557 0 1 50.639304 1.70690128117124
25.78 -80.22 0.0000751071354880102 14.25 52.6789928981838 0 1 78.299499298262 1.43904149372926
22.9 -43.23 0 14.25 22.2783346840557 0 0.1 50.639304 8.27164743807979
25.78 -80.22 0.0000751071354880102 14.25 52.6789928981838 0 0.1 78.299499298262 6.30417185697406
22.9 -43.23 0 14.25 22.2783346840557 0 0.01 50.639304 18.9441035572536
25.78 -80.22 0.0000751071354880102 14.25 52.6789928981838 0 0.01 78.299499298262 16.4461764444028
22.9 -43.23 0 14.25 22.2783346840557 0 0.001 50.639304 29.9117129575558
25.78 -80.22 0.0000751071354880102 14.25 52.6789928981838 0 0.001 78.299499298262 29.9576770100395
22.9 -43.23 0 29 22.2783346840557 0 1 50.639304 6.8133680785728
25.78 -80.22 0.0000751071354880102 29 52.6789928981838 0 1 78.299499298262 6.66385624741957
22.9 -43.23 0 29 22.2783346840557 0 0.1 50.639304 29.3189684393228
25.78 -80.22 0.0000751071354880102 29 52.6789928981838 0 0.1 78.299499298262 25.5945594129781
22.9 -43.23 0 29 22.2783346840557 0 0.01 50.639304 59.6257635479902
25.78 -80.22 0.0000751071354880102 29 52.6789928981838 0 0.01 78.299499298262 58.5398857209631
22.9 -43.23 0 29 22.2783346840557 0 0.001 50.639304 83.5996391031568
25.78 -80.22 0.0000751071354880102 29 52.6789928981838 0 0.001 78.299499298262 93.4893994372147
28.717 77.3 0.21755945549536 14.25 48.2411621512573 90 1 63.6188880770815 1.27310810208808
3.133 101.7 0.236104458878785 14.25 85.8045740140836 90 1 99.1511718571901 1.93713255072294
9.05 38.7 2.450004916 14.25 20.1434803331812 90 1 42.9100718315125 1.04440571843308
28.717 77.3 0.21755945549536 14.25 48.2411621512573 90 0.1 63.6188880770815 5.48101227935831
3.133 101.7 0.236104458878785 14.25 85.8045740140836 90 0.1 99.1511718571901 10.6798764233181
9.05 38.7 2.450004916 14.25 20.1434803331812 90 0.1 42.9100718315125 6.05103469747386
28.717 77.3 0.21755945549536 14.25 48.2411621512573 90 0.01 63.6188880770815 14.8590335132808
3.133 101.7 0.236104458878785 14.25 85.8045740140836 90 0.01 99.1511718571901 21.0374044834152
9.05 38.7 2.450004916 14.25 20.1434803331812 90 0.01 42.9100718315125 12.6112036114689
28.717 77.3 0.21755945549536 14.25 48.2411621512573 90 0.001 63.6188880770815 28.2137298315948
3.133 101.7 0.236104458878785 14.25 85.8045740140836 90 0.001 99.1511718571901 28.1333793200239
9.05 38.7 2.450004916 14.25 20.1434803331812 90 0.001 42.9100718315125 17.8504577177571
28.717 77.3 0.21755945549536 29 48.2411621512573 90 1 63.6188880770815 5.88085648821992
3.133 101.7 0.236104458878785 29 85.8045740140836 90 1 99.1511718571901 9.84052928885919
9.05 38.7 2.450004916 29 20.1434803331812 90 1 42.9100718315125 3.82132369902807
28.717 77.3 0.21755945549536 29 48.2411621512573 90 0.1 63.6188880770815 22.2021904702872
3.133 101.7 0.236104458878785 29 85.8045740140836 90 0.1 99.1511718571901 47.1891029635395
9.05 38.7 2.450004916 29 20.1434803331812 90 0.1 42.9100718315125 19.8071766106665
28.717 77.3 0.21755945549536 29 48.2411621512573 90 0.01 63.6188880770815 52.7819414975005
3.133 101.7 0.236104458878785 29 85.8045740140836 90 0.01 99.1511718571901 80.8507450262951
9.05 38.7 2.450004916 29 20.1434803331812 90 0.01 42.9100718315125 36.9315735710192
28.717 77.3 0.21755945549536 29 48.2411621512573 90 0.001 63.6188880770815 87.8850596455856
3.133 101.7 0.236104458878785 29 85.8045740140836 90 0.001 99.1511718571901 94.0437949049872
9.05 38.7 2.450004916 29 20.1434803331812 90 0.001 42.9100718315125 46.7669422561793
